20260524165615
20260524165637
20260524165702
20260524165825
20260524170107
20260524170119
20260524170130
20260524170137
20260524170151
20260524170224
20260524170237
20260525025710
20260531181621
20260531181701
20260602040758
20260602062722
20260602203748
20260602203755
20260602232717
20260604125846
20260604211006
20260604211010
20260604211015
20260604211117
20260604223258
20260604223326
20260604223335
20260604223345
20260604223354
20260605130714
20260605221102
20260605221147
20260605221229
20260605222651
20260605222959
20260605223357
20260606010819
20260606043249
20260606043358
20260606051120
20260606052652
20260606052732
20260606052748
20260607135211
20260607144046
20260608043442
20260608043808
20260608044606
20260608052756
20260608054904
20260608055607
20260608071810
20260608122103
20260608122111
20260608231111
20260609000908
20260609103623
20260609103830
20260609111810
20260609112414
20260609115245
20260609213733
20260610223916
20260610223937
20260610224024
20260610224105
20260610224158
20260610233847
20260610233924
20260610233954
20260610234005
20260610234117
20260611015758
20260611063322
20260611063549
20260611063911
20260611071742
20260611114751
20260611141330
20260611155941
20260612021647
20260612171048
20260612232843
20260613233422
20260614122733
20260614122744
20260614122755
20260614122804
20260614125421
20260614184505
20260615060549
20260615060551
20260615060553
20260615060713
20260616134414
20260616134415
20260616134416
20260616135348
20260616141406
20260616160058
20260616195442
20260616220714
20260616220727
20260616221328
20260617060028
20260617060719
20260617061333
20260617061614
20260617062233
20260617062909
20260617063601
20260617145123
20260617145436
20260618024207
20260618192912
20260618193218
20260619024700
20260619061927
20260619080749
20260619194230
20260620154736
20260620154807
20260620181233
20260620233632
20260621034249
20260621155405
20260622083159
20260622085356
20260622121938
20260622121948
20260622123556
20260622171613
20260623051846
20260623051943
20260624012107
20260624051138
20260624140430
20260624154139
20260624165902
20260624165914
20260624172104
20260625174650
20260625192113
20260625192952
20260626145302
20260627043346
20260627045122
20260627134447
20260628013427
20260628040945
20260628162255
20260628185429
20260628194235
20260628195657
20260628224956
20260629000005
20260629114714
20260629212812
20260630044706
20260630044714
20260630224941
20260701133653
20260702224036
20260702224108
20260703144432
20260704002601
20260704182905
20260704183353
20260704203345
20260704204803
20260705191132
20260705204905
20260706141217
20260707043511
20260707141404
20260707141424
20260707141432
20260707141438
20260707141456
20260707141631
20260707144918
20260707144927
20260707145406
20260707145519
20260707145522
20260707145530
20260707145540
20260707145545
20260707152648
20260707170000
20260707180000
20260707190000
20260707200000
20260707210000
20260708194732
20260708200137
20260708223745
20260708234410
20260709210000
20260709223000
20260710190000
20260710200000
20260710201500
20260711120000
20260712120000
20260712120100
20260712130000
20260712130100
20260712140000
20260712140100
20260713000000
20260713010000
20260713020000
20260713040000
20260713210000
20260713220000
20260714120000
20260714150000
20260714224154
20260714224624
20260714224719
20260714225152
20260715120000
20260716090000
20260719000000
20260720120000
20260720120100
20260720120200
20260720122846
20260720123107
20260720142612
20260720142700
20260720153218
20260720170645
20260720170937
20260721140000
20260721150000
20260721160000
20260721170000
20260722000000
20260722005345
20260722120000
20260722130000
20260722130500
20260723090000
20260723120000
20260724100000
20260724130000
20260724130500
20260724131000
20260724150000
20260724160000
20260725191358
20260725200500
20260725201000
20260725201500
20260725215844
20260726014601
20260726100000
20260726120000
20260726130000
20260726140000
20260726160000
20260727120000
20260727130000
20260727140000
20260727150000
20260728120000
20260728130000
20260728140000
20260728150000
20260728184128
20260728192833
20260728193414
20260729190000
20260730123000
20260730213349
20260731073718
20260731073742
20260731073757
20260731073818
20260731073832
20260731073848
20260731073858
20260731073924
20260731073941
20260731073953
20260731074004
20260731074028
20260731074054
20260731074102
20260731074111
20260731074138
20260731074239
20260731152447
20260731163215
20260731174300
20260801002524
20260801002539
20260801004907
20260801054342
20260801095333
20260801120247
20260801120530
20260801120920
20260801120933
20260801121037
20260801122422
20260801150136
20260801215556
20260802002907
